1516609143867 6 7 64 16
1516609143869 9 4 75 18
1516609143869 1 7 87 12
1516609143869 11 7 87 121
1516609143869 1 7 87 12
1516609143869 12 7 87 12
1516609143869 1 7 87 16
1516609143869 11 7 87 112
1516609143869 12 7 87 18
1516609143869 1 7 87 19
1516609143869 10 7 87 18
1516609143869 6 7 87 122
1516609143869 6 7 87 121
1516609143869 9 7 87 112
1516609143869 10 7 87 16
1516609143867 6 7 64 16
1516609143869 99 4 75 18
1516609143869 11 7 87 121
1516609143869 11 7 87 112
1516609143869 13 7 87 12
1516609143869 12 7 87 112
1516609143869 13 7 87 16
1516609143869 11 7 87 112
1516609143869 15 7 87 118
1516609143869 15 7 87 119
1516609143869 10 7 87 19
1516609143869 6 7 87 122
1516609143869 66 7 87 121
1516609143869 99 7 87 112
1516609143869 10 7 87 166